Time,WC,WT,WL,AH,AT,HS
Sun May 15 12:31:08 2022,34.206322346395716,23.625,5752,65.59750549062181,21.7169921875,1
Sun May 15 12:31:40 2022,35.08086874183214,23.8125,5721,68.67535649986156,21.762890625,1
Sun May 15 12:32:12 2022,35.86323383835869,23.9375,5757,74.87647580728394,21.78828125,1
Sun May 15 12:32:44 2022,36.22073913609325,24.125,5757,75.12884748893842,21.854296875,1
Sun May 15 12:33:16 2022,34.84494332113577,24.25,5717,70.93218939619051,21.88984375,1
Sun May 15 12:33:48 2022,36.22169278096022,24.4375,5740,72.94953351556104,21.935546875,1
Sun May 15 12:34:20 2022,36.016309297360486,24.625,5731,76.38155592985366,21.9609375,1
Sun May 15 12:34:53 2022,35.865790274912634,24.625,5712,72.2247704053043,21.93046875,1
Sun May 15 12:35:25 2022,36.22294213940567,24.875,5711,76.70480709986073,21.9609375,1
Sun May 15 12:35:57 2022,36.5050102358574,25.0625,5627,76.16316346871342,22.0373046875,1
Sun May 15 12:36:29 2022,36.52614486262801,25.1875,5631,73.45579249042774,22.0779296875,1
Sun May 15 12:37:01 2022,37.15187813320191,25.375,5580,77.57445990332923,22.1033203125,1
Sun May 15 12:37:33 2022,37.674664813263746,25.5,5509,76.31726952504063,22.1388671875,1
Sun May 15 12:38:05 2022,36.16916616339659,25.625,5417,74.22762220029823,22.1896484375,0
Sun May 15 12:38:37 2022,34.94395153113063,25.75,5375,80.98477474921643,22.31171875,0
Sun May 15 12:39:09 2022,35.19936932076748,25.875,5589,74.95964040889486,22.33203125,0
Sun May 15 12:39:41 2022,34.78939812950799,25.9375,5277,77.26639766086639,22.306640625,0
Sun May 15 12:40:13 2022,37.234084933322016,25.9375,4568,85.49392588938322,22.3828125,0
Sun May 15 12:40:45 2022,32.48983205635793,25.875,4206,68.97738582068396,22.31171875,0
Sun May 15 12:41:17 2022,31.88961220375725,23.8125,5126,75.7254600866671,22.2556640625,1
Sun May 15 12:41:49 2022,31.457792898324243,23.0625,5365,70.39328634551948,22.1693359375,1
Sun May 15 12:42:21 2022,31.71820985279757,22.5625,5259,72.40193507720261,22.0728515625,1
Sun May 15 12:42:53 2022,31.561988749766037,22.6875,5233,67.5097646468765,22.01171875,1
Sun May 15 12:43:25 2022,31.857475430643074,22.8125,5163,67.62072131199712,21.986328125,1
Sun May 15 12:43:57 2022,32.07731292901682,23.0,5103,67.6553250576568,21.93046875,1
Sun May 15 12:44:29 2022,33.35190892646572,23.125,5249,68.05053609363034,22.0525390625,1
Sun May 15 12:45:01 2022,29.86410200966595,23.3125,5168,67.96410794053791,22.0474609375,1
Sun May 15 12:45:33 2022,28.477477990917723,23.5,5186,68.52361651319062,22.0474609375,1
Sun May 15 12:46:05 2022,30.431966098205688,23.6875,5274,68.59822769703456,22.0271484375,1
Sun May 15 12:46:37 2022,28.78555601884593,23.875,5251,66.91279212855895,22.0220703125,1
Sun May 15 12:47:09 2022,29.420281157431766,24.0625,5050,73.89587900531004,21.986328125,1
Sun May 15 12:47:41 2022,30.282372471456974,24.25,5078,67.79117404335325,21.9609375,1
Sun May 15 12:48:13 2022,30.84773159839337,24.375,5051,67.36952770113984,21.9203125,1
Sun May 15 12:48:45 2022,31.809811777995396,24.5625,5100,81.13801194303262,21.9609375,1
Sun May 15 12:49:17 2022,33.30405438762443,24.75,5125,78.82856955293511,22.0220703125,1
Sun May 15 12:49:49 2022,33.463364460106845,24.875,5123,71.54743398781167,22.0779296875,1
Sun May 15 12:50:21 2022,34.075046412642166,25.0625,5155,79.37724615264763,22.1033203125,1
Sun May 15 12:50:53 2022,34.17473061713926,25.25,5126,83.25023421097082,22.1845703125,1
Sun May 15 12:51:25 2022,34.22705643213682,25.3125,5124,83.21561099942937,22.2658203125,1
Sun May 15 12:51:57 2022,34.43285516954176,25.5,5102,80.67860462935631,22.29140625,1
Sun May 15 12:52:29 2022,33.35857683133938,25.625,5046,83.86157985782368,22.3421875,0
Sun May 15 12:53:01 2022,31.66930814650215,25.8125,5033,76.83865119549597,22.326953125,0
Sun May 15 12:53:33 2022,31.246967356649165,25.8125,5014,72.6661224039053,22.296484375,0
Sun May 15 12:54:05 2022,30.89675378071769,25.875,4983,78.25101944752606,22.337109375,0
Sun May 15 12:54:38 2022,31.354424898859456,25.875,4985,75.48226084566767,22.29140625,0
Sun May 15 12:55:10 2022,31.84762421938203,25.875,4962,78.90413044874464,22.3625,0
Sun May 15 12:55:42 2022,32.84373035426109,25.9375,4906,80.8819370591166,22.408203125,0
Sun May 15 12:56:14 2022,32.692822521678494,25.9375,4952,81.51590370447111,22.47421875,0
Sun May 15 12:56:46 2022,33.20464421631361,25.9375,4880,82.03229123663124,22.499609375,0
Sun May 15 12:57:18 2022,32.383715419959735,25.875,4851,79.7228157352736,22.530078125,0
Sun May 15 12:57:50 2022,33.61164645286003,25.875,4764,82.97480127096046,22.5505859375,0
Sun May 15 12:58:22 2022,33.03210361788751,25.875,4768,82.51463808835129,22.5556640625,0
Sun May 15 12:58:54 2022,33.151212588719375,25.875,4694,81.00535251431383,22.5810546875,0
Sun May 15 12:59:26 2022,32.89526933528951,25.875,4672,79.9880894259757,22.5962890625,0
Sun May 15 12:59:58 2022,33.0002408737263,25.8125,4663,69.2115751184076,22.51484375,0
Sun May 15 13:00:30 2022,32.590018226031994,25.875,4583,77.64816107727775,22.5046875,0
Sun May 15 13:01:02 2022,31.866974608482693,25.8125,4537,81.22333908138661,22.525,0
Sun May 15 13:01:34 2022,32.69017278987831,25.8125,4464,82.03915653904559,22.530078125,0
Sun May 15 13:02:06 2022,32.53159961913856,25.8125,4448,77.53003922450426,22.5556640625,0
Sun May 15 13:02:38 2022,33.04862794300864,25.75,4382,75.48469164379495,22.5810546875,0
Sun May 15 13:03:10 2022,32.637665203311535,25.75,4386,67.7768423598397,22.5453125,0
Sun May 15 13:03:42 2022,32.85109126655749,25.75,4267,73.30641272067848,22.5607421875,0
Sun May 15 13:04:14 2022,32.69266957617398,25.6875,4270,82.33815855166736,22.5505859375,0
Sun May 15 13:04:46 2022,33.40450706447016,25.6875,4202,81.73403447562113,22.5810546875,0
Sun May 15 13:05:18 2022,33.5120033228718,25.6875,4141,82.4702174052225,22.5453125,0
Sun May 15 13:05:50 2022,33.92399918827044,25.6875,4118,71.35327175066261,22.49453125,0
Sun May 15 13:06:22 2022,33.55548519309896,25.625,4033,68.33478531222396,22.43359375,0
Sun May 15 13:06:54 2022,33.153745357523704,25.625,3958,78.30529146713802,22.408203125,0
Sun May 15 13:07:26 2022,34.07764714840731,25.5625,3888,79.11133779393387,22.403125,0
Sun May 15 13:07:58 2022,33.10237234718333,25.625,3768,69.87576081086598,22.3625,0
Sun May 15 13:08:30 2022,33.514400211411484,25.5625,3684,73.28831667256355,22.3421875,0
Sun May 15 13:09:02 2022,33.56432810591621,25.5625,3625,69.03334297919498,22.33203125,0
Sun May 15 13:09:34 2022,31.664621342406022,25.5,3499,79.18527491687496,22.326953125,0
Sun May 15 13:10:06 2022,33.102216453400196,25.5,3365,73.05796711408306,22.337109375,0
Sun May 15 13:10:38 2022,33.56319144703795,25.5,3353,78.78280824005205,22.3421875,0
Sun May 15 13:11:10 2022,33.50944256767184,25.4375,3184,68.04115539642052,22.306640625,0
Sun May 15 13:11:44 2022,32.94885784568107,25.4375,3095,75.60128449511492,22.31171875,0
Sun May 15 13:12:16 2022,32.69500990755198,25.4375,2858,69.45059667932094,22.296484375,0
Sun May 15 13:12:48 2022,33.474807255393245,25.4375,2763,73.28884686508826,22.2708984375,0
Sun May 15 13:13:20 2022,32.897627205914965,25.375,2684,76.02428421291813,22.286328125,0
Sun May 15 13:13:52 2022,32.93717380056913,25.375,2507,75.60193971413212,22.2505859375,0
Sun May 15 13:14:24 2022,33.20495847758808,25.375,2357,79.01190199448878,22.2607421875,0
Sun May 15 13:14:56 2022,32.982045289967765,25.375,2138,76.21369068008677,22.2455078125,0
Sun May 15 13:15:28 2022,31.823109371543595,25.3125,1998,78.57562017483176,22.3015625,0
Sun May 15 13:16:00 2022,31.29206191601519,25.3125,1766,79.3711734031661,22.321875,0
Sun May 15 13:16:32 2022,31.969989732589877,25.3125,1594,74.16231055554611,22.316796875,0
Sun May 15 13:17:04 2022,33.381210954804935,25.3125,1549,84.8950636919311,22.326953125,0
Sun May 15 13:17:36 2022,32.38744709201207,25.25,1348,78.14581941332779,22.3015625,0
Sun May 15 13:18:08 2022,31.764955285055986,25.25,1260,82.14575041284458,22.2810546875,0
Sun May 15 13:18:40 2022,32.170475192297026,25.1875,1095,79.03055769467402,22.2404296875,0
Sun May 15 13:19:12 2022,32.224662837834444,25.1875,919,83.75469138409302,22.2404296875,0
Sun May 15 13:19:44 2022,32.28056963802007,25.1875,750,83.87895331075168,22.2607421875,0
Sun May 15 13:20:16 2022,32.0336263306533,25.125,619,81.78171768821866,22.286328125,0
Sun May 15 13:20:48 2022,32.21414852252324,25.125,658,86.88436167095935,22.31171875,0
Sun May 15 13:21:20 2022,32.38700136365006,25.125,451,80.40561069159658,22.2556640625,0
Sun May 15 13:21:52 2022,32.38310656667456,25.125,364,75.47133465114878,22.2251953125,0
Sun May 15 13:22:24 2022,32.43624354596638,25.125,255,84.73764323464844,22.2150390625,0
Sun May 15 13:22:56 2022,32.63845209960643,25.0625,173,76.7506640096546,22.1693359375,0
Sun May 15 13:23:28 2022,32.795618655902075,25.0625,26,77.13043494335538,22.1185546875,0
Sun May 15 13:24:00 2022,32.7953093318802,25.0625,-37,76.31913923129372,22.1033203125,0
Sun May 15 13:24:32 2022,32.53454977874298,25.0625,-71,74.34412482375369,22.1033203125,0
Sun May 15 13:25:04 2022,31.59602079319493,25.0,-87,73.89171341749122,22.0982421875,0
Sun May 15 13:25:36 2022,32.592503018158105,25.0,-206,77.77970335935144,22.1083984375,0
Sun May 15 13:26:08 2022,31.511094292557715,25.0,-210,83.14432700263232,22.1337890625,0
Sun May 15 13:26:40 2022,32.48735526034486,25.0,-316,82.06937683375891,22.1642578125,0
Sun May 15 13:27:12 2022,32.58986723040998,24.9375,-336,76.17682604949356,22.1287109375,0
Sun May 15 13:27:44 2022,32.74126051591767,24.9375,-373,82.53587060599476,22.1134765625,0
Sun May 15 13:28:16 2022,33.053985772017164,24.9375,-416,85.0220092157297,22.1744140625,0
Sun May 15 13:28:48 2022,32.997564205308386,24.9375,-407,81.25228872191386,22.1998046875,0
Sun May 15 13:29:20 2022,33.0002408737263,24.875,-452,81.74631918817937,22.1439453125,0
Sun May 15 13:29:52 2022,32.894960011267635,24.9375,-503,77.48594838667955,22.1185546875,0
Sun May 15 13:30:24 2022,32.946496469551604,24.875,-547,84.9502618037137,22.1439453125,0
Sun May 15 13:30:56 2022,33.04878383679178,24.875,-530,75.22849766823555,22.0830078125,0
Sun May 15 13:31:28 2022,32.95106130018093,24.8125,-634,69.70797306012916,22.0525390625,0
Sun May 15 13:32:00 2022,30.266943384446346,24.8125,-719,67.51649671290119,22.0373046875,0
Sun May 15 13:32:32 2022,31.787782158829284,24.8125,-718,80.20642712959605,22.0728515625,0
Sun May 15 13:33:04 2022,30.845113345757554,24.875,-717,78.82646743009919,22.1693359375,0
Sun May 15 13:33:36 2022,30.217743787203528,24.75,-747,73.25352461127393,22.1642578125,0
Sun May 15 13:34:09 2022,29.913755135112204,24.8125,-766,79.18191056691731,22.1896484375,0
Sun May 15 13:34:41 2022,30.178285361455924,24.8125,-789,76.44555628720276,22.1947265625,0
Sun May 15 13:35:13 2022,30.744836895821646,24.8125,-788,78.06109012763979,22.1998046875,0
Sun May 15 13:35:45 2022,31.256252056549602,24.75,-776,76.90273657867549,22.2099609375,0
Sun May 15 13:36:17 2022,31.153694096723992,24.75,-799,85.77117412010917,22.2607421875,0
Sun May 15 13:36:49 2022,32.38991189385559,24.75,-837,80.42609560797915,22.2505859375,0
Sun May 15 13:37:21 2022,31.923287998839267,24.6875,-842,83.08113278241696,22.2556640625,0
Sun May 15 13:37:53 2022,31.97716647515703,24.75,-839,78.85794657320909,22.2251953125,0
Sun May 15 13:38:25 2022,32.35199608197169,24.6875,-835,76.72912353236315,22.2404296875,0
Sun May 15 13:38:57 2022,31.92572081623064,24.6875,-848,79.18754286023041,22.2353515625,0
Sun May 15 13:39:29 2022,32.28504661861069,24.6875,-840,77.76239814222116,22.2150390625,0
Sun May 15 13:40:01 2022,31.51730674348964,24.6875,-887,78.99696673080332,22.2099609375,0
Sun May 15 13:40:33 2022,31.76354570811708,24.625,-842,80.19212488909281,22.2099609375,0
Sun May 15 13:41:05 2022,31.818543795447535,24.625,-880,81.01153432794978,22.2048828125,0
Sun May 15 13:41:38 2022,32.026023054542364,24.625,-888,73.61930234774437,22.1744140625,0
Sun May 15 13:42:10 2022,31.61798608920985,24.625,-883,78.9610429129058,22.1845703125,0
Sun May 15 13:42:42 2022,31.87213230583909,24.625,-902,70.00788170704531,22.1794921875,0
Sun May 15 13:43:14 2022,32.02831817010069,24.5625,-912,72.9832462448253,22.1591796875,0
Sun May 15 13:43:46 2022,32.12845262979092,24.5625,-860,67.11553249475328,22.1490234375,0
Sun May 15 13:44:18 2022,32.50602101214924,24.5625,-888,73.25728794207947,22.1439453125,0
Sun May 15 13:44:50 2022,31.8047625472759,24.5625,-855,72.06384787540951,22.1541015625,0
Sun May 15 13:45:22 2022,32.12413251157597,24.5625,-860,79.39157418323886,22.1845703125,0
Sun May 15 13:45:54 2022,32.37784747086391,24.5,-874,77.76957817003644,22.2302734375,0
Sun May 15 13:46:26 2022,32.136080851981966,24.5,-918,83.12018397497755,22.2708984375,0
Sun May 15 13:46:58 2022,31.76709603987371,24.5625,-869,74.91938921223617,22.2455078125,0
Sun May 15 13:47:30 2022,31.821117359678446,24.5,-895,76.94027096369607,22.2708984375,0
Sun May 15 13:48:02 2022,32.22944592947203,24.5,-856,72.50825329067018,22.2455078125,0
Sun May 15 13:48:34 2022,31.716220415277622,24.5,-877,78.70745984976512,22.2759765625,0
Sun May 15 13:49:06 2022,31.46160191964256,24.5,-920,78.62511836457739,22.2607421875,0
Sun May 15 13:49:38 2022,33.308816788104615,24.4375,-866,78.77628702319927,22.2708984375,1
Sun May 15 13:50:10 2022,33.426272288440806,24.5,-867,70.31314268884569,22.2404296875,1
Sun May 15 13:50:42 2022,32.98314001620858,24.5625,-838,78.55138226252713,22.2759765625,1
Sun May 15 13:51:14 2022,32.84623913472631,24.625,-861,75.25905660940006,22.2607421875,1
Sun May 15 13:51:46 2022,33.35825958894945,24.75,-870,73.46874693469258,22.2404296875,1
Sun May 15 13:52:18 2022,33.588508648626956,24.8125,-880,78.86564001949394,22.2505859375,1
Sun May 15 13:52:50 2022,33.76274349346045,25.0,-843,68.59539288829126,22.2353515625,1
Sun May 15 13:53:22 2022,34.53773900401704,25.125,-836,80.2071778118582,22.2455078125,1
Sun May 15 13:53:54 2022,34.37680344827487,25.3125,-841,70.3281723593912,22.2404296875,1
Sun May 15 13:54:26 2022,34.583746963356674,25.4375,-831,71.6027125370967,22.2302734375,1
Sun May 15 13:54:58 2022,33.6145374463619,25.5625,-803,76.61770013592334,22.2556640625,0
Sun May 15 13:55:30 2022,32.07946586698783,25.625,-858,77.60054161175414,22.2556640625,0
Sun May 15 13:56:02 2022,32.70868052025253,25.75,-857,75.48976880080467,22.31171875,0
Sun May 15 13:56:34 2022,31.510525730068274,25.8125,-884,78.36603024452506,22.367578125,0
Sun May 15 13:57:06 2022,32.48624221072662,25.8125,-844,76.56427250969416,22.377734375,0
Sun May 15 13:57:38 2022,31.86955521890393,25.8125,-845,77.54695957802117,22.398046875,0
Sun May 15 13:58:10 2022,31.34210023217095,25.8125,-843,79.75543793494388,22.357421875,0
Sun May 15 13:58:42 2022,32.23130953235908,25.875,-830,79.74931967406417,22.458984375,0
Sun May 15 13:59:14 2022,32.33370952337172,25.8125,-837,83.99710843170128,22.5708984375,0
Sun May 15 13:59:46 2022,32.1821877943059,25.8125,-839,77.45572364250346,22.525,0
Sun May 15 14:00:18 2022,32.48918772926689,25.75,-824,79.0558102138225,22.509765625,0
Sun May 15 14:00:50 2022,32.384829233863236,25.8125,-855,81.03216579394918,22.540234375,0
Sun May 15 14:01:22 2022,26.36056494123989,25.8125,-942,80.28184496600544,22.5759765625,0
Sun May 15 14:01:54 2022,27.80809254420923,25.8125,-920,75.75535464739201,22.5505859375,0
Sun May 15 14:02:26 2022,28.633070372469124,25.75,-897,79.87833296577718,22.5759765625,0
Sun May 15 14:02:58 2022,28.4784772520545,25.75,-894,80.76436649180958,22.5708984375,0
Sun May 15 14:03:30 2022,29.660734753311683,25.75,-890,81.45367045323198,22.6064453125,0
Sun May 15 14:04:02 2022,27.79126361939392,25.75,-937,84.48591141232137,22.6267578125,0
Sun May 15 14:04:34 2022,27.60184131760541,25.6875,-943,71.87014964630151,22.5658203125,0
Sun May 15 14:05:07 2022,27.81020551707914,25.6875,-948,84.32939046285502,22.6216796875,0
Sun May 15 14:05:39 2022,28.525546931292993,25.6875,-898,76.79719316258901,22.5962890625,0
Sun May 15 14:06:11 2022,30.019551889112467,25.6875,-901,74.51877803074993,22.6064453125,0
Sun May 15 14:06:43 2022,28.783241479191172,25.625,-905,81.41025285613584,22.6013671875,0
Sun May 15 14:07:15 2022,28.322037618032624,25.625,-904,72.56232795198707,22.6115234375,0
Sun May 15 14:07:47 2022,29.248892672357517,25.625,-884,77.51576116071986,22.6267578125,0
Sun May 15 14:08:19 2022,27.961139227113893,25.625,-935,72.80480899938168,22.6115234375,0
Sun May 15 14:08:51 2022,28.426939064348748,25.625,-923,67.69506628947072,22.6115234375,0
Sun May 15 14:09:23 2022,29.459142692589012,25.5625,-920,77.89580526457772,22.6216796875,0
Sun May 15 14:09:55 2022,29.420281157431766,25.5625,-916,85.26421882787557,22.6369140625,0
Sun May 15 14:10:27 2022,29.64581258315444,25.5,-883,71.70335785555832,22.6419921875,0
Sun May 15 14:10:59 2022,31.20518348108426,25.5,-855,82.24230578640434,22.5962890625,0
Sun May 15 14:11:31 2022,30.74041965092767,25.5,-872,74.26813470077566,22.6166015625,0
Sun May 15 14:12:03 2022,30.945760431313452,25.4375,-858,76.6524818920749,22.6572265625,0
Sun May 15 14:12:35 2022,31.0486140646696,25.5,-889,80.55451311574609,22.6826171875,0
Sun May 15 14:13:07 2022,30.999485249880127,25.4375,-877,79.87176488025183,22.6826171875,0
Sun May 15 14:13:39 2022,29.61379194089339,25.4375,-870,78.06322579231457,22.6318359375,0
Sun May 15 14:14:11 2022,29.66487884937498,25.4375,-912,77.55873853405112,22.6419921875,0
Sun May 15 14:14:43 2022,30.691248385430097,25.4375,-896,74.38022706775342,22.6267578125,0
Sun May 15 14:15:15 2022,30.33134722462643,25.4375,-875,72.79104568696269,22.6419921875,0
Sun May 15 14:15:47 2022,31.832056792417582,25.375,-874,68.97098139454323,22.6064453125,0
Sun May 15 14:16:19 2022,31.15383272302325,25.3125,-854,74.73256242667382,22.5861328125,0
Sun May 15 14:16:51 2022,30.53708216449438,25.3125,-881,78.17465018866035,22.6318359375,0
Sun May 15 14:17:23 2022,30.793739683973772,25.3125,-905,77.08910741301686,22.6115234375,0
Sun May 15 14:17:55 2022,29.85045948851015,25.3125,-912,72.88589801155833,22.6216796875,0
Sun May 15 14:18:27 2022,30.58407136464699,25.3125,-873,81.32199148907131,22.6267578125,0
Sun May 15 14:18:59 2022,32.89526933528951,25.25,-888,69.96639770744375,22.5810546875,0
Sun May 15 14:19:31 2022,29.76160955880684,25.25,-908,80.00371532348046,22.5962890625,0
Sun May 15 14:20:03 2022,29.867670903584592,25.25,-904,72.10804457358505,22.5810546875,0
Sun May 15 14:20:35 2022,30.128109176678414,25.25,-887,75.08240628551972,22.5759765625,0
Sun May 15 14:21:07 2022,30.226609454009033,25.1875,-884,68.80916905464174,22.530078125,0
Sun May 15 14:21:39 2022,31.014982759587827,25.1875,-886,79.86868043033138,22.5505859375,0
Sun May 15 14:22:11 2022,30.57286586405085,25.1875,-894,75.93441220802411,22.5658203125,0
Sun May 15 14:22:43 2022,30.02283666816948,25.1875,-897,74.96984523290588,22.5453125,0
Sun May 15 14:23:15 2022,29.709914920867384,25.1875,-899,71.70412643736076,22.525,0
Sun May 15 14:23:47 2022,30.520696129854205,25.125,-896,73.39838048334074,22.51484375,0
Sun May 15 14:24:19 2022,31.10247843287604,25.125,-909,79.72423926444185,22.5607421875,0
Sun May 15 14:24:51 2022,32.13119522691663,25.125,-864,74.40997512498421,22.525,0
Sun May 15 14:25:23 2022,31.412662586088413,25.0625,-863,70.71758780417153,22.484375,0
Sun May 15 14:25:56 2022,31.60962523401064,25.125,-862,69.63578815914353,22.484375,0
Sun May 15 14:26:28 2022,31.35654121231498,25.0625,-871,70.16144323131884,22.4640625,0
Sun May 15 14:27:00 2022,32.13090143940837,25.0625,-881,73.51841324030116,22.458984375,0
Sun May 15 14:27:32 2022,33.840714554655726,25.0625,-847,74.8998830855006,22.458984375,0
Sun May 15 14:28:04 2022,32.78998840893982,25.0625,-847,76.38909587491936,22.458984375,0
Sun May 15 14:28:36 2022,34.075046412642166,25.0,-844,79.42873038147685,22.469140625,0
Sun May 15 14:29:08 2022,32.64360673642354,25.0,-873,74.24126918814905,22.4234375,0
Sun May 15 14:29:40 2022,29.85289159922885,25.0,-891,74.7567998896031,22.418359375,0
Sun May 15 14:30:12 2022,31.41012972270653,25.0,-901,71.71565345478774,22.367578125,0
Sun May 15 14:30:44 2022,32.43624354596638,24.9375,-866,74.10360304662764,22.387890625,0
Sun May 15 14:31:16 2022,29.19951630505674,25.0,-943,83.40465864494543,22.428515625,0
Sun May 15 14:31:48 2022,30.84661786135733,24.9375,-872,72.3364526113931,22.408203125,0
Sun May 15 14:32:20 2022,30.020675458373255,24.9375,-932,74.80516552295094,22.4234375,0
Sun May 15 14:32:52 2022,33.10268561787997,24.9375,-850,71.92350423402321,22.428515625,0
Sun May 15 14:33:24 2022,31.249224632510156,24.875,-936,72.67641623306261,22.428515625,0
Sun May 15 14:33:56 2022,30.123648429320642,24.875,-908,76.4970837994948,22.41328125,0
Sun May 15 14:34:28 2022,33.18566799116781,24.875,-832,71.56926664551737,22.43359375,0
Sun May 15 14:35:00 2022,30.219670826921558,24.875,-900,73.91502162924175,22.448828125,0
Sun May 15 14:35:32 2022,33.85187824644361,24.875,-840,69.57979789737902,22.448828125,0
Sun May 15 14:36:04 2022,34.2207923740018,24.875,-846,73.19877965849801,22.428515625,0
Sun May 15 14:36:36 2022,34.80421118826347,24.8125,-865,77.68881244870717,22.41328125,0
Sun May 15 14:37:08 2022,34.33042615053294,24.8125,-847,70.86226411038729,22.398046875,0
Sun May 15 14:37:40 2022,35.53749923429129,24.8125,-811,71.72794834732507,22.398046875,0
Sun May 15 14:38:12 2022,35.95720346897371,24.75,-797,72.03373583063664,22.398046875,0
Sun May 15 14:38:44 2022,36.32697611584075,24.8125,-803,77.83423024958195,22.428515625,0
Sun May 15 14:39:16 2022,34.41417317393565,24.75,-849,77.03145077605737,22.44375,0
Sun May 15 14:39:48 2022,35.862361154877625,24.75,-829,72.73018918769314,22.41328125,0
Sun May 15 14:40:20 2022,32.27997243712011,24.75,-885,74.44096436960635,22.448828125,0
Sun May 15 14:40:52 2022,31.561988749766037,24.75,-884,78.73980831148403,22.4640625,0
Sun May 15 14:41:24 2022,32.50616766627266,24.75,-890,70.85950656543177,22.44375,0
Sun May 15 14:41:56 2022,32.38744709201207,24.75,-888,70.71625466049183,22.387890625,0
Sun May 15 14:42:28 2022,32.38714945790321,24.75,-875,77.96799729846921,22.408203125,0
Sun May 15 14:43:00 2022,30.38599141213844,24.6875,-925,72.86800773848348,22.403125,0
Sun May 15 14:43:32 2022,32.438716343922934,24.6875,-869,77.16348481886762,22.4234375,0
Sun May 15 14:44:04 2022,32.89526933528951,24.6875,-875,75.84711258658645,22.4234375,0
Sun May 15 14:44:36 2022,33.662984456070944,24.625,-866,70.1785669990094,22.408203125,0
Sun May 15 14:45:09 2022,33.66812595675346,24.6875,-855,80.98434112039482,22.41328125,0
Sun May 15 14:45:41 2022,34.02112656191315,24.625,-835,76.06736492204406,22.4234375,0
Sun May 15 14:46:13 2022,34.586050079804465,24.625,-828,73.41262707820971,22.418359375,0
Sun May 15 14:46:45 2022,31.771941684373864,24.625,-868,75.39326259893306,22.3828125,0
Sun May 15 14:47:17 2022,31.37460482262099,24.5625,-888,78.19210289922128,22.398046875,0
Sun May 15 14:47:49 2022,31.305205979727894,24.625,-891,72.74275655510904,22.37265625,0
Sun May 15 14:48:21 2022,30.99488832119877,24.5625,-895,79.97290438237872,22.3828125,0
Sun May 15 14:48:53 2022,31.256113430250345,24.5625,-914,80.1972738802291,22.3828125,0
Sun May 15 14:49:25 2022,31.597024052433703,24.5625,-880,76.52448334417114,22.367578125,0
Sun May 15 14:49:57 2022,31.823109371543595,24.5625,-910,69.65005036239421,22.31171875,0
Sun May 15 14:50:29 2022,31.66718148875606,24.5625,-905,69.9829118395136,22.29140625,0
Sun May 15 14:51:01 2022,31.19816851796651,24.5625,-885,77.76300876526271,22.3421875,0
Sun May 15 14:51:33 2022,31.361462914466536,24.5625,-921,67.26215280269294,22.326953125,0
Sun May 15 14:52:05 2022,31.204767601404658,24.5625,-909,75.15389850708395,22.3421875,0
Sun May 15 14:52:37 2022,32.84874391713502,24.5,-872,75.13198525141779,22.347265625,0
Sun May 15 14:53:09 2022,33.167463816641394,24.5,-896,69.45312344726672,22.337109375,0
Sun May 15 14:53:41 2022,33.002291448176344,24.5,-866,79.41694378004277,22.35234375,0
Sun May 15 14:54:13 2022,32.99992957949436,24.5,-889,78.94566575385647,22.357421875,0
Sun May 15 14:54:45 2022,31.35893404914117,24.5,-911,70.5414882001275,22.35234375,0
Sun May 15 14:55:17 2022,30.72165176639183,24.5,-901,72.75611245430227,22.337109375,0
Sun May 15 14:55:49 2022,31.70620907730803,24.4375,-895,76.68515139089071,22.347265625,1
Sun May 15 14:56:21 2022,32.43639357133813,24.5,-893,77.86281266997804,22.3625,1
Sun May 15 14:56:53 2022,32.43391677532505,24.5625,-894,73.70919783352946,22.367578125,1
Sun May 15 14:57:25 2022,31.924756967653742,24.6875,-886,66.99289320951318,22.33203125,1
Sun May 15 14:57:57 2022,31.50811690101601,24.75,-905,69.24466602792701,22.347265625,1
Sun May 15 14:58:29 2022,31.566660505304164,24.875,-895,70.47302959128848,22.377734375,1
Sun May 15 14:59:01 2022,31.668882432190664,25.0,-864,73.2129030340621,22.418359375,1
Sun May 15 14:59:33 2022,32.94870293778479,25.1875,-877,71.51970679986117,22.4234375,1
Sun May 15 15:00:05 2022,32.58752943584937,25.25,-848,74.21439464259333,22.43359375,1
Sun May 15 15:00:37 2022,32.58986723040998,25.4375,-860,73.72605429349609,22.44375,1
Sun May 15 15:01:09 2022,30.154437976920516,25.5625,-912,81.14430842341184,22.469140625,0
Sun May 15 15:01:41 2022,29.407425288966714,25.6875,-883,79.34313038960377,22.5453125,0
Sun May 15 15:02:13 2022,30.02753012627385,25.75,-887,77.85274891265736,22.5658203125,0
Sun May 15 15:02:45 2022,29.699272520790846,25.8125,-878,70.10271433750168,22.5505859375,0
Sun May 15 15:03:17 2022,30.076680980888433,25.875,-874,78.40896117551885,22.5453125,0
Sun May 15 15:03:49 2022,30.226349160071795,25.875,-874,68.91253396486826,22.5556640625,0
Sun May 15 15:04:21 2022,30.4878754804061,25.9375,-866,74.78506618102091,22.5759765625,0
Sun May 15 15:04:53 2022,28.957011452703362,25.875,-907,68.23309513450222,22.6013671875,0
Sun May 15 15:05:25 2022,24.345657135944453,25.875,-999,70.93721632169785,22.6166015625,0
Sun May 15 15:05:57 2022,23.758107164522936,25.875,-978,79.83228100426928,22.6673828125,0
Sun May 15 15:06:30 2022,23.927528390088547,25.875,-989,71.35999137659098,22.7232421875,0
Sun May 15 15:07:02 2022,24.331116678108458,25.875,-989,78.51775857073478,22.7333984375,0
Sun May 15 15:07:34 2022,24.395800135396183,25.875,-972,77.2068067426287,22.7283203125,0
Sun May 15 15:08:06 2022,24.392257539192105,25.875,-1001,77.60219474291588,22.7029296875,0
Sun May 15 15:08:38 2022,24.292234060912207,25.8125,-981,68.96408915428762,22.6521484375,0
Sun May 15 15:09:10 2022,24.65110875712656,25.8125,-967,74.47287861470886,22.6216796875,0
Sun May 15 15:09:42 2022,24.706918301086763,25.75,-965,69.85661646829463,22.6419921875,0
Sun May 15 15:10:14 2022,24.603139515171453,25.8125,-990,77.0250307925218,22.6775390625,0
Sun May 15 15:10:46 2022,25.704937760231633,25.75,-1115,72.57400146829683,22.7029296875,0
Sun May 15 15:11:18 2022,27.855979490877402,25.75,-929,64.69138983190264,22.6724609375,0
Sun May 15 15:11:50 2022,29.76577232833306,25.6875,-1344,64.66647381762893,22.6318359375,0
Sun May 15 15:12:22 2022,26.726197581569597,25.75,-1525,64.85998896686839,22.6166015625,0
Sun May 15 15:12:54 2022,30.567601370819933,25.6875,-1684,65.61672111788083,22.5505859375,0
Sun May 15 15:13:26 2022,29.302602681511903,25.6875,-1699,72.83769125384596,22.5556640625,0
Sun May 15 15:13:58 2022,28.73841670868769,25.6875,-1708,70.9727498314737,22.519921875,0
Sun May 15 15:14:30 2022,28.942279089117697,25.6875,-1705,78.33057492470404,22.509765625,0
Sun May 15 15:15:02 2022,28.73829952953223,25.625,-1710,67.35230413236408,22.479296875,0
Sun May 15 15:15:34 2022,28.635247314243326,25.625,-1710,65.17958042702202,22.448828125,0
Sun May 15 15:16:06 2022,28.787748952846208,25.625,-1707,65.1035037863054,22.44375,0
Sun May 15 15:16:38 2022,29.579073720532904,25.5625,-1701,71.28605187380184,22.448828125,0
Sun May 15 15:17:11 2022,29.045281346228833,25.5625,-1705,69.43948690240714,22.45390625,0
Sun May 15 15:17:43 2022,28.682293005142714,25.5625,-1710,70.33682597344853,22.43359375,0
Sun May 15 15:18:15 2022,28.94448001923101,25.5625,-1705,70.54705551546665,22.428515625,0
Sun May 15 15:18:47 2022,29.64250361558832,25.5,-1690,74.29584460188767,22.438671875,0
Sun May 15 15:19:19 2022,29.71419825296278,25.5,-1692,74.99619703120719,22.469140625,0
Sun May 15 15:19:51 2022,29.19951630505674,25.5,-1702,80.44490113575601,22.499609375,0
Sun May 15 15:20:23 2022,28.78555601884593,25.5,-1707,73.12333074829556,22.499609375,0
Sun May 15 15:20:55 2022,28.670281968159376,25.5,-1710,66.26943208607915,22.484375,0
Sun May 15 15:21:27 2022,28.377440473286512,25.4375,-1717,68.888178217534,22.489453125,0
Sun May 15 15:21:59 2022,28.272416405938507,25.4375,-1717,68.48607079146747,22.530078125,0
Sun May 15 15:22:31 2022,28.16919448388113,25.4375,-1710,69.4818317926198,22.51484375,0
Sun May 15 15:23:03 2022,28.272190109852247,25.4375,-1719,70.78978473412432,22.525,0
Sun May 15 15:23:35 2022,29.0989900512918,25.375,-1701,72.25634697539597,22.5556640625,0
Sun May 15 15:24:07 2022,28.94300156514674,25.375,-1705,71.88551912608862,22.5658203125,0
Sun May 15 15:24:39 2022,29.368663346463833,25.375,-1704,74.10683316758413,22.5607421875,0
Sun May 15 15:25:11 2022,28.2681065010118,25.3125,-1717,68.61601175761139,22.53515625,0
Sun May 15 15:25:43 2022,27.861899842779422,25.3125,-1724,66.77654975657856,22.49453125,0
Sun May 15 15:26:15 2022,27.430965187837383,25.3125,-1725,69.47931995493495,22.47421875,0
Sun May 15 15:26:47 2022,27.809203122431818,25.3125,-1724,70.72334194676307,22.489453125,0
Sun May 15 15:27:19 2022,27.85989288710576,25.3125,-1724,68.68112047733132,22.469140625,0
Sun May 15 15:27:51 2022,28.012371830751103,25.3125,-1721,70.03373808765004,22.479296875,0
Sun May 15 15:28:23 2022,27.9073277731205,25.25,-1716,69.36734472772955,22.484375,0
Sun May 15 15:28:55 2022,29.61354324383148,25.25,-1690,68.22377878017569,22.469140625,0
Sun May 15 15:29:27 2022,29.86891381072586,25.25,-1688,68.81174360062808,22.47421875,0
Sun May 15 15:29:59 2022,28.272416405938507,25.1875,-1694,66.44561823837819,22.458984375,0
Sun May 15 15:30:32 2022,30.039998422115843,25.25,-1692,67.57549536924935,22.44375,0
Sun May 15 15:31:04 2022,29.405554182197463,25.25,-1694,75.58985749976742,22.489453125,0
Sun May 15 15:31:36 2022,29.45926550247973,25.1875,-1693,70.85787105640776,22.49453125,0
Sun May 15 15:32:08 2022,28.874138905469373,25.1875,-1695,68.42266994471069,22.458984375,0
Sun May 15 15:32:40 2022,29.33380406872917,25.125,-1695,74.20033169384736,22.45390625,0
Sun May 15 15:33:12 2022,29.50849144195478,25.125,-1695,67.45499241724028,22.398046875,0
Sun May 15 15:33:44 2022,29.66487884937498,25.125,-1693,70.42349676398436,22.367578125,0
Sun May 15 15:34:16 2022,29.613667371886546,25.125,-1693,75.07500000019618,22.367578125,0
Sun May 15 15:34:48 2022,29.51173822231171,25.125,-1694,69.84921763416413,22.37265625,0
Sun May 15 15:35:20 2022,30.277889086761277,25.0625,-1679,68.3643202230683,22.387890625,0
Sun May 15 15:35:52 2022,30.33134722462643,25.0625,-1679,69.81118484400271,22.377734375,0
Sun May 15 15:36:24 2022,30.282633668407158,25.0625,-1674,74.40002349229586,22.403125,0
Sun May 15 15:36:56 2022,30.32929554588079,25.0625,-1679,67.14095763161245,22.3828125,0
Sun May 15 15:37:28 2022,30.333786474792134,25.0625,-1680,70.12365693710667,22.3828125,0
Sun May 15 15:38:00 2022,30.228654039654586,25.0,-1696,70.7854476095325,22.377734375,0
Sun May 15 15:38:32 2022,30.111718322076843,25.0,-1685,70.0859901265458,22.387890625,0
Sun May 15 15:39:04 2022,29.30248118274907,25.0,-1699,73.35886569402983,22.418359375,0
Sun May 15 15:39:36 2022,29.405554182197463,25.0,-1697,77.78545599945932,22.41328125,0
Sun May 15 15:40:08 2022,29.40567699208818,25.0,-1696,72.31298583254288,22.398046875,0
Sun May 15 15:40:40 2022,29.50749931548157,25.0,-1693,73.94563731799903,22.43359375,0
Sun May 15 15:41:12 2022,29.71645915392387,24.9375,-1691,72.3172885115359,22.438671875,0
Sun May 15 15:41:44 2022,29.662870643532322,24.9375,-1693,73.6380093620363,22.418359375,0
Sun May 15 15:42:16 2022,29.39706042547228,24.9375,-1688,70.2715155114636,22.428515625,0
Sun May 15 15:42:48 2022,29.66299565427277,24.9375,-1690,72.74173552350437,22.43359375,0
Sun May 15 15:43:20 2022,29.819486735277764,24.9375,-1691,78.60652915910366,22.47421875,0
Sun May 15 15:43:52 2022,29.76577232833306,24.875,-1691,71.14730227450329,22.469140625,0
Sun May 15 15:44:24 2022,30.24377936683765,24.875,-1689,77.87816722017617,22.489453125,0
Sun May 15 15:44:56 2022,29.91997141130118,24.875,-1688,76.66842766046557,22.469140625,0
Sun May 15 15:45:28 2022,29.96937583533842,24.875,-1686,68.89718535538405,22.47421875,0
Sun May 15 15:46:00 2022,30.282242550046135,24.875,-1694,67.70037934586006,22.448828125,0
Sun May 15 15:46:32 2022,30.055937064643334,24.875,-1684,73.32485442199655,22.44375,0
Sun May 15 15:47:04 2022,29.199636933643465,24.8125,-1686,75.3988001190257,22.45390625,0
Sun May 15 15:47:36 2022,30.58407136464699,24.8125,-1673,67.97298348416275,22.408203125,0
Sun May 15 15:48:08 2022,30.534885936404105,24.8125,-1668,68.10084289122452,22.398046875,0
Sun May 15 15:48:40 2022,30.483493654102826,24.8125,-1674,71.01951759707812,22.337109375,0
Sun May 15 15:49:12 2022,30.488007210970146,24.8125,-1675,71.42444882819349,22.37265625,0
Sun May 15 15:49:44 2022,30.380698459622998,24.75,-1677,66.55289106151137,22.357421875,0
Sun May 15 15:50:16 2022,30.858613226843698,24.75,-1678,75.26884248291985,22.367578125,0
Sun May 15 15:50:49 2022,29.60928213314077,24.75,-1691,70.20828122871376,22.347265625,0
Sun May 15 15:51:21 2022,29.611414467038493,24.75,-1691,69.72435774504274,22.3625,0
Sun May 15 15:51:53 2022,29.768037227350668,24.75,-1691,67.92648928105865,22.347265625,0
Sun May 15 15:52:25 2022,29.74533422118443,24.75,-1689,69.91771835452396,22.3625,0
Sun May 15 15:52:57 2022,29.91781730555066,24.75,-1688,68.76024705727832,22.35234375,0
Sun May 15 15:53:29 2022,29.817344178835878,24.75,-1690,68.4584478854029,22.347265625,0
Sun May 15 15:54:01 2022,29.25112158886646,24.75,-1686,68.5657621547199,22.3421875,0
Sun May 15 15:54:33 2022,29.819360838724617,24.6875,-1690,71.57966073662645,22.347265625,0
Sun May 15 15:55:05 2022,29.758953642941133,24.75,-1689,66.9124412913187,22.347265625,0
Sun May 15 15:55:37 2022,29.97140581594221,24.6875,-1687,67.14738919130681,22.31171875,0
Sun May 15 15:56:09 2022,30.44734735361449,24.6875,-1684,67.75009851743123,22.306640625,0
Sun May 15 15:56:41 2022,30.074520666286862,24.6875,-1685,71.30040242116365,22.29140625,0
Sun May 15 15:57:13 2022,30.02524923503017,24.6875,-1686,67.79180779097649,22.296484375,0
Sun May 15 15:57:45 2022,30.018510697726928,24.6875,-1684,66.82395342236372,22.29140625,0
Sun May 15 15:58:17 2022,30.11416332059609,24.6875,-1685,69.28880453013602,22.29140625,0
Sun May 15 15:58:49 2022,30.12798060392327,24.625,-1683,66.85560584652426,22.296484375,0
Sun May 15 15:59:21 2022,30.228654039654586,24.625,-1682,69.36163730629514,22.321875,0
Sun May 15 15:59:53 2022,30.074392093531717,24.625,-1684,66.74778124812777,22.377734375,0
Sun May 15 16:00:25 2022,30.23558833094955,24.625,-1679,66.69850318488933,22.44375,0
Sun May 15 16:00:57 2022,29.714448716959115,24.625,-1675,69.65157617332332,22.479296875,0
Sun May 15 16:01:29 2022,30.02283666816948,24.625,-1684,66.5360516675001,22.530078125,0
Sun May 15 16:02:01 2022,31.14303437045657,24.625,-1645,66.54241642669201,22.5453125,0
Sun May 15 16:02:33 2022,31.713651324455498,24.5625,-1653,66.46957263347176,22.5708984375,0
Sun May 15 16:03:06 2022,30.839131418725152,24.5625,-1661,69.00292714055206,22.5912109375,0
Sun May 15 16:03:38 2022,31.25905157705322,24.5625,-1660,66.05458324018808,22.5708984375,0
Sun May 15 16:04:10 2022,32.64111794624092,24.5625,-1635,66.39951308245533,22.5708984375,0
Sun May 15 16:04:42 2022,32.438716343922934,24.5625,-1636,66.92662916191873,22.5607421875,0
Sun May 15 16:05:14 2022,31.00198287249046,24.5625,-1664,66.74276924777362,22.5607421875,0
Sun May 15 16:05:46 2022,30.84316527032614,24.5625,-1659,68.57782130470275,22.5912109375,0
Sun May 15 16:06:18 2022,30.94603350972486,24.5625,-1665,68.0082167369352,22.6115234375,0
Sun May 15 16:06:50 2022,31.153555935613223,24.5625,-1660,70.71412415894247,22.6369140625,0
Sun May 15 16:07:22 2022,31.053073760271673,24.5625,-1663,74.98206143519889,22.6724609375,0
Sun May 15 16:07:54 2022,31.32559771074589,24.5625,-1663,74.5064057958789,22.7029296875,0
Sun May 15 16:08:26 2022,30.99488832119877,24.5625,-1660,68.91948509320721,22.7232421875,0
Sun May 15 16:08:58 2022,30.7339035502964,24.5625,-1662,71.03698724008197,22.7283203125,0
Sun May 15 16:09:30 2022,31.053073760271673,24.5,-1661,70.00964269795632,22.7435546875,0
Sun May 15 16:10:02 2022,31.027114515742547,24.5,-1660,68.31485230598733,22.7740234375,0
Sun May 15 16:10:34 2022,31.769664656125393,24.5,-1647,71.9444083883449,22.7689453125,0
Sun May 15 16:11:06 2022,32.07946586698783,24.5,-1644,74.88870750332869,22.7841796875,0
Sun May 15 16:11:38 2022,31.76695271868897,24.5,-1647,67.26224894509153,22.7587890625,0
Sun May 15 16:12:10 2022,31.567808985573087,24.5,-1651,68.2441117741832,22.7587890625,0
Sun May 15 16:12:42 2022,31.610889983836508,24.5625,-1648,68.92370712318976,22.7537109375,0
Sun May 15 16:13:14 2022,31.513071994912615,24.5,-1651,68.74192221695667,22.7740234375,0
Sun May 15 16:13:46 2022,32.43564827618501,24.4375,-1632,77.0992850099887,22.7943359375,1
Sun May 15 16:14:19 2022,32.590169707951894,24.5,-1629,76.22309119995566,22.7994140625,1
Sun May 15 16:14:51 2022,32.13104809353179,24.625,-1641,68.53612437346301,22.7740234375,1
Sun May 15 16:15:23 2022,32.126293609625215,24.6875,-1640,68.2359704642564,22.7333984375,1
Sun May 15 16:15:55 2022,32.1626005207165,24.8125,-1641,67.78669419970132,22.6826171875,1
Sun May 15 16:16:27 2022,31.510525730068274,24.9375,-1651,81.20154630672039,22.7232421875,1
Sun May 15 16:16:59 2022,31.67143269509152,25.125,-1651,78.0531180794438,22.7689453125,1
Sun May 15 16:17:31 2022,31.561988749766037,25.1875,-1652,70.95698111791572,22.7384765625,1
Sun May 15 16:18:03 2022,31.672873048950365,25.375,-1665,75.58266818130636,22.7283203125,1
Sun May 15 16:18:35 2022,31.561846845256152,25.5,-1653,68.84477004963843,22.7283203125,1
Sun May 15 16:19:07 2022,30.228783961065425,25.6875,-1678,70.10292728425338,22.6927734375,0
Sun May 15 16:19:39 2022,30.230954921180857,25.8125,-1668,74.53246443634545,22.6927734375,0
Sun May 15 16:20:11 2022,30.380567182519997,25.875,-1675,71.80752926981856,22.6673828125,0
Sun May 15 16:20:43 2022,30.382884056272342,25.875,-1677,79.92974017468016,22.7283203125,0
Sun May 15 16:21:15 2022,30.174936058185924,25.9375,-1679,73.68510831738963,22.7384765625,0
Sun May 15 16:21:47 2022,30.60377361239545,25.9375,-1678,67.75537960089547,22.6978515625,0
Sun May 15 16:22:19 2022,31.102202575061156,26.0,-1662,72.9926762894699,22.7435546875,0
Sun May 15 16:22:51 2022,30.84759667171078,26.0,-1668,72.56100338552118,22.7384765625,0
Sun May 15 16:23:23 2022,31.260871117507097,26.0,-1660,78.83838450847357,22.7587890625,0
Sun May 15 16:23:55 2022,30.877787000594967,26.0,-1666,74.05709098647104,22.7435546875,0
Sun May 15 16:24:27 2022,30.174936058185924,26.0,-1679,80.03509812586452,22.7791015625,0
Sun May 15 16:24:59 2022,29.92022542793025,26.0,-1684,70.65658279115344,22.7537109375,0
Sun May 15 16:25:31 2022,29.812794390518075,26.0,-1679,70.94822345674287,22.6927734375,0
Sun May 15 16:26:03 2022,30.074392093531717,25.9375,-1681,80.31046274259627,22.7283203125,0
Sun May 15 16:26:35 2022,30.230825450103744,26.0,-1680,71.69372962724947,22.7333984375,0
Sun May 15 16:27:08 2022,30.12581629126518,25.9375,-1680,81.4470104167552,22.7638671875,0
Sun May 15 16:27:40 2022,30.248068921857033,25.9375,-1680,68.58183491904371,22.7435546875,0
Sun May 15 16:28:12 2022,30.074392093531717,25.9375,-1682,68.45252702801966,22.7333984375,0
Sun May 15 16:28:44 2022,30.02296434572997,25.9375,-1682,74.63755553660013,22.7384765625,0
Sun May 15 16:29:17 2022,30.12581629126518,25.875,-1680,73.54725982941169,22.7587890625,0
Sun May 15 16:29:49 2022,30.156256054415888,25.875,-1678,74.81006554708466,22.7537109375,0
Sun May 15 16:30:21 2022,30.277889086761277,25.875,-1676,72.98111913744862,22.7435546875,0
Sun May 15 16:30:53 2022,30.431966098205688,25.8125,-1676,73.29198269781453,22.7232421875,0
Sun May 15 16:31:25 2022,30.588741094660342,25.8125,-1671,70.73399895940838,22.7029296875,0
Sun May 15 16:31:57 2022,30.741511980209882,25.8125,-1669,71.99359540893491,22.7232421875,0
Sun May 15 16:32:29 2022,30.64259808239735,25.8125,-1670,71.13238404525876,22.7232421875,0
Sun May 15 16:33:01 2022,30.078582836725317,25.75,-1669,76.75361464224675,22.7029296875,0
Sun May 15 16:33:33 2022,30.633648790121207,25.75,-1669,78.34402623450589,22.7181640625,0
Sun May 15 16:34:05 2022,30.02499432633376,25.75,-1670,70.79322135882354,22.7080078125,0
Sun May 15 16:34:37 2022,30.74041965092767,25.75,-1670,72.913373362918,22.7080078125,0
Sun May 15 16:35:09 2022,30.177236939712195,25.75,-1678,72.86494994536102,22.7029296875,0
Sun May 15 16:35:41 2022,30.330358503396518,25.75,-1678,72.7297950606685,22.7740234375,0
Sun May 15 16:36:13 2022,30.38301533337534,25.6875,-1677,72.55955109074932,22.7791015625,0
Sun May 15 16:36:45 2022,30.382884056272342,25.75,-1674,68.79475236792668,22.7638671875,0
Sun May 15 16:37:17 2022,30.228524568577473,25.75,-1672,78.15484346901576,22.825,0
Sun May 15 16:37:49 2022,30.175065529263037,25.6875,-1677,68.9531093842872,22.81484375,0
Sun May 15 16:38:21 2022,30.020675458373255,25.625,-1679,70.79177534864303,22.819921875,0
Sun May 15 16:38:53 2022,30.642062957187214,25.625,-1668,68.45772403612037,22.819921875,0
Sun May 15 16:39:25 2022,31.06636795817096,25.6875,-1667,68.50518243978374,22.7994140625,0
Sun May 15 16:39:57 2022,31.050845680077398,25.625,-1659,68.72036956738135,22.7892578125,0
Sun May 15 16:40:29 2022,30.74041965092767,25.625,-1666,69.5166500940144,22.7587890625,0
Sun May 15 16:41:01 2022,30.226219688994686,25.625,-1663,73.43131419780788,22.7841796875,0
Sun May 15 16:41:33 2022,32.491045875672555,25.625,-1637,69.22788566972316,22.8044921875,0
Sun May 15 16:42:05 2022,32.12874641729918,25.625,-1641,69.54178356589142,22.825,0
Sun May 15 16:42:37 2022,31.97716647515703,25.5625,-1643,75.28850583562523,22.865625,0
Sun May 15 16:43:09 2022,31.974729659709137,25.5625,-1636,71.66101389221593,22.860546875,0
Sun May 15 16:43:41 2022,31.818543795447535,25.5625,-1645,68.47631633547108,22.865625,0
Sun May 15 16:44:13 2022,31.972288846204727,25.5,-1643,68.64443742533439,22.860546875,0
Sun May 15 16:44:45 2022,32.026023054542364,25.5625,-1642,68.57472511511037,22.865625,0
Sun May 15 16:45:17 2022,32.5548545593728,25.5,-1640,69.23251508482008,22.87578125,0
Sun May 15 16:45:49 2022,32.2336182438364,25.5,-1638,69.2012487037459,22.891015625,0
Sun May 15 16:46:21 2022,31.97702125412688,25.4375,-1643,69.55077094677654,22.87578125,0
Sun May 15 16:46:54 2022,32.84373035426109,25.5,-1627,71.06242288352848,22.91640625,0
Sun May 15 16:47:26 2022,32.775005201891325,25.5,-1628,68.97738477399939,22.921484375,0
Sun May 15 16:47:58 2022,32.89526933528951,25.5,-1624,71.81214826074067,22.93671875,0
Sun May 15 16:48:30 2022,33.6119686950489,25.5,-1611,68.81171040784227,22.941796875,0
Sun May 15 16:49:02 2022,33.71946996888606,25.4375,-1613,73.39737576593575,22.982421875,0
Sun May 15 16:49:34 2022,33.61857726422629,25.4375,-1617,70.46968331045919,22.982421875,0
Sun May 15 16:50:06 2022,33.564000824836924,25.4375,-1611,71.95023972310602,22.972265625,0
